年　　次,1996,1997,1998,1999,2000,2001,2002,2003,2004,2005
,8年,9年,10年,11年,12年,13年,14年,15年,16年,17年
総数,4244529,4669514,4556845,4901317,5272095,5286310,5771975,5727240,6756830,7450103
アジア,2684751,2875201,2617778,2978960,3222982,3280514,3674574,3793793,4607027,5134673
アフガニスタン,434,438,756,832,732,258,381,598,1029,2142
アラブ首長国連邦,336,356,416,383,421,401,532,462,816,641
ミャンマー,3135,2966,2814,3295,3550,3195,3585,3509,3945,4333
バーレーン,225,120,175,175,170,160,205,153,344,417
ブータン,139,183,156,142,153,201,186,223,263,339
バングラデシュ,3949,4239,4012,4570,5524,5901,6227,7229,8501,8377
ブルネイ,775,936,755,482,550,622,724,653,655,762
カンボジア,997,1097,1052,1379,1584,1946,2025,2187,2512,2975
スリランカ,5619,7218,8284,7695,7350,8136,9566,9231,10498,11998
中国　　　,257393,283467,299573,327005,385296,444441,527796,537700,741659,780924
中国（台湾）,756785,857877,874985,963701,944019,838001,909654,816692,1117950,1315594
中国〔香港〕,27761,30806,53278,42283,49423,74704,136482,163254,226321,250366
中国〔その他〕,140,162,200,219,1339,1724,2589,2804,2319,1857
キプロス,273,461,582,405,347,449,440,386,431,410
東ティモール,0,0,0,0,0,0,56,92,133,120
インド,28346,33316,34819,36435,39845,41520,45693,45450,52379,58450
インドネシア,36837,43313,25747,33094,39389,42900,44987,51160,50730,56010
イラン,3400,4288,4871,4958,5334,5301,5666,6038,6342,6534
イラク,90,59,93,117,124,128,159,216,595,697
イスラエル,7203,8536,8660,9100,12061,10787,11067,10534,11498,11980
ヨルダン,609,582,630,741,654,667,783,742,964,1312
韓国,1224441,1236597,960556,1160034,1286583,1342987,1472096,1621903,1774872,2008418
（北朝鮮）,16132,15061,13519,13159,13953,13246,15576,8899,9988,10686
クウェート,328,336,460,291,368,427,616,383,672,601
ラオス,945,878,1075,1123,1357,1547,1625,2261,1967,1992
レバノン,479,526,516,620,521,581,769,619,756,858
マレーシア,53069,55491,42768,53961,64157,61221,66549,67515,73125,78645
モンゴル,1614,2066,2371,3086,4371,6600,5607,5858,5913,7614
オマーン,162,196,206,162,228,212,245,361,414,457
モルディブ,139,129,136,160,143,154,150,137,170,175
ネパール,3287,3384,3370,3424,3905,4342,4200,4570,5139,6172
パキスタン,6352,7676,8259,8565,9109,9254,8991,9055,10315,10641
フィリピン,106394,124856,129053,144305,169755,186262,197136,209525,236291,221309
カタール,175,186,149,248,168,300,231,258,471,523
サウジアラビア,1208,1228,1730,1486,1314,1388,1727,1163,1349,1987
シリア,544,619,636,680,637,670,677,726,876,1026
シンガポール,51956,62397,59896,68676,74967,70707,78017,78215,91553,96186
タイ,68987,67015,54457,64246,73472,77521,86683,95018,121963,136868
トルコ,4485,5227,4936,5125,5690,5100,6566,7101,7254,7577
ベトナム,9473,10753,11663,12341,14247,16374,18144,20768,23852,26213
イエメン,135,160,164,257,172,179,166,145,203,487
ヨーロッパ,620480,773515,873891,786763,814912,817035,841667,762511,823210,874247
アルバニア,68,69,67,81,138,112,136,122,162,143
オーストリア,9636,10393,10215,9506,10322,9991,10513,10341,11937,12677
ベルギー,8912,9725,10132,11099,11373,11249,11873,11232,12414,14595
ブルガリア,1111,1117,1149,1362,1498,1517,1629,1561,1947,2398
ベラルーシ,166,421,566,532,761,872,924,1139,1248,1205
クロアチア,598,810,805,867,873,980,1681,1157,1090,1616
チェコスロバキア,0,0,0,0,0,0,0,0,0,0
チェコ,2589,2712,3130,3540,3545,4332,4318,4781,5005,5908
デンマーク,9592,9997,9758,9838,10347,10026,11169,10817,11350,12751
エストニア,204,379,414,409,541,530,802,682,769,924
フィンランド,7982,9403,10606,10921,11289,9996,9575,10620,12011,13153
フランス,59120,63814,69026,72356,81528,85234,89546,87722,98826,114397
ドイツ,77717,84456,88089,89355,90605,89895,96070,95691,108773,121261
ギリシャ,2651,2884,2922,3299,3071,3166,3573,3130,3461,4369
ハンガリー,2968,3173,4070,3974,4433,4307,4515,4014,4565,4538
アイスランド,543,572,485,506,662,575,557,571,720,987
アイルランド,8253,10833,10987,10523,11005,11023,18196,11089,11978,14324
イタリア,29048,31370,31211,30839,34262,35991,37202,36665,39870,45951
キルギス,73,118,203,154,244,228,227,323,403,468
カザフスタン,243,526,731,642,572,903,783,1153,1217,1723
リヒテンシュタイン,79,80,98,84,101,92,90,92,96,119
ルクセンブルク,291,422,369,460,452,408,406,410,453,690
ラトビア,174,175,330,284,361,487,397,514,610,640
リトアニア,269,332,455,588,489,978,1219,1126,1077,1376
モナコ,26,29,37,11,29,28,50,21,27,28
マルタ,288,217,267,213,219,206,215,177,219,254
モルドバ,36,58,85,63,84,135,178,260,293,350
マケドニア,129,191,193,163,219,168,159,153,224,197
オランダ,20171,22356,23800,24642,27864,24431,24504,25563,29938,31080
ノルウェー,6713,8119,8510,7367,7326,6880,7070,7474,8290,8894
ポーランド,3178,3476,3883,4863,4833,4752,5377,5551,6463,7249
ポルトガル,4993,5320,6970,7852,7936,7132,9430,9556,11730,10943
ルーマニア,1608,1915,2976,4067,5104,6556,7734,8039,8120,7857
ロシア,26349,30120,26896,23064,30290,33772,36693,43738,56253,62969
サンマリノ,15,17,28,44,21,50,40,59,32,43
スペイン,12623,12039,14164,13196,14654,13587,15908,15369,19341,26515
スウェーデン,17559,20037,20574,20720,21251,19876,21349,19076,21618,23709
スイス,17637,19323,17599,17319,17896,17718,18196,18009,20915,24101
トルクメニスタン,10,40,49,29,57,55,67,64,24,63
タジキスタン,21,51,47,79,167,166,151,200,159,293
英国,145584,170251,186454,188036,198675,203551,225074,206331,222284,229758
英国〔香港〕,138254,231599,299667,208172,192946,187113,154758,97720,76773,52176
ウクライナ,345,1295,1727,1676,2690,3179,3964,4704,4717,5216
ウズベキスタン,198,494,603,641,815,889,1042,1180,1223,1359
バチカン,10,9,18,18,13,16,17,14,5,6
ユーゴスラビア,653,259,144,84,35,25,4,1,0,0
アルメニア,30,60,118,100,93,167,159,161,172,271
アゼルバイジャン,43,90,176,146,137,183,203,213,203,410
アンドラ,12,5,18,18,18,12,20,11,20,54
グルジア,45,129,181,220,160,221,179,171,237,348
スロベニア,621,606,843,797,785,815,902,785,908,1032
スロバキア,1019,1377,1354,1314,1377,1558,1949,2028,1991,1847
ボスニア・ヘルツェゴビナ,23,60,138,154,126,151,168,169,247,209
セルビア・モンテネグロ,0,192,554,476,620,751,706,762,802,803
アフリカ,14067,15495,17183,18402,20643,21289,24001,23682,24129,28782
アルジェリア,297,346,393,433,539,390,449,457,664,518
ブルンジ,23,16,22,23,15,27,18,27,31,47
ボツワナ,42,63,73,72,52,71,100,120,77,121
カメルーン,199,242,220,276,260,364,669,580,504,524
中央アフリカ,18,32,35,22,29,34,36,15,29,34
チャド,9,11,15,22,11,15,45,41,27,42
コンゴ共和国,39,39,79,19,12,18,1,34,14,63
コンゴ民主共和国,147,149,110,209,211,245,263,279,316,400
カーボヴェルデ,19,14,24,19,18,21,38,48,18,9
コモロ,6,9,6,4,-,8,9,11,6,5
ベナン,43,60,99,77,73,61,83,132,143,162
ジブチ,32,34,47,55,40,33,42,68,45,45
エチオピア,345,423,480,342,277,322,363,479,401,502
赤道ギニア,18,23,32,26,16,18,14,20,8,5
エリトリア,29,22,23,23,30,27,36,40,44,64
ガボン,149,49,55,55,59,97,160,200,109,190
ガーナ,991,1150,1367,1707,1934,2174,2294,2369,2125,2056
ギニア,105,166,188,281,303,333,372,356,276,358
ガンビア,19,18,26,21,27,31,25,58,31,55
ギニアビサウ,5,15,18,2,11,7,14,12,13,10
コートジボワール,216,227,247,265,182,195,198,205,231,279
ケニア,756,817,886,806,901,892,823,825,992,1182
リベリア,21,24,19,31,70,30,35,13,29,44
リビア,89,74,90,57,112,162,201,182,246,287
レソト,28,35,54,30,32,62,45,47,43,52
マダガスカル,113,114,157,133,155,120,129,164,176,247
マリ,106,129,160,155,148,149,181,206,169,242
モーリタニア,54,71,52,67,61,59,93,61,73,103
モロッコ,479,505,542,643,650,622,754,702,773,1437
マラウイ,65,64,89,67,66,95,105,135,162,149
モーリシャス,418,342,516,449,518,507,574,511,562,572
モザンビーク,58,77,116,70,70,84,59,115,73,95
ニジェール,20,32,41,24,15,20,35,50,39,38
ナイジェリア,764,977,1516,2313,2901,3522,4055,3702,3480,3777
ナミビア,70,45,37,40,63,61,71,58,65,66
ルワンダ,48,47,37,32,30,31,35,47,53,127
セネガル,208,216,243,275,302,322,772,519,426,635
シエラレオネ,55,49,39,55,43,59,52,76,54,76
ソマリア,8,10,11,16,11,6,24,37,15,10
スーダン,155,135,185,196,219,247,288,347,300,448
スワジランド,27,36,77,25,27,38,42,110,44,38
サントメ・プリンシペ,7,6,6,7,2,5,7,12,13,23
セーシェル,54,35,56,41,23,43,31,46,61,35
タンザニア,465,438,634,596,600,587,533,668,662,801
トーゴ,32,51,57,46,36,76,49,70,44,54
チュニジア,632,635,534,722,778,723,1081,748,959,1082
ウガンダ,483,624,509,638,778,316,379,451,725,934
南アフリカ共和国,3189,3649,3507,3337,4357,4365,4639,4529,5072,5941
エジプト,2324,2467,2779,2922,2854,2721,2855,2775,2815,3321
ブルキナファソ,47,53,80,51,60,51,88,141,43,89
ザンビア,199,220,271,238,300,283,283,346,329,402
ジンバブエ,317,378,279,325,290,282,246,274,288,372
アンゴラ,25,32,45,42,72,258,208,164,232,614
北アメリカ,707512,755453,813891,847115,890771,862392,921566,825836,955068,1035301
バルバドス,69,83,72,72,61,64,110,71,95,95
バハマ,65,66,86,108,88,95,105,66,136,144
ベリーズ,48,84,73,54,66,60,74,49,68,65
カナダ,87246,96516,109432,109651,122260,128707,134845,129460,146109,154571
コスタリカ,447,474,479,593,596,655,1072,547,596,1006
キューバ,482,606,433,534,911,686,514,851,540,603
ドミニカ共和国,1030,1179,1303,1280,1381,1161,1223,1071,986,1360
ドミニカ,74,83,92,53,52,60,87,54,148,228
エルサルバドル,288,319,265,363,352,383,513,336,386,435
グアテマラ,366,397,346,497,517,666,873,407,451,683
ハイチ,89,95,100,114,134,96,122,124,76,140
ホンジュラス,259,358,292,298,297,378,425,297,335,445
ジャマイカ,502,490,528,517,434,513,678,569,705,754
メキシコ,8811,10585,11137,11582,13049,12612,24300,11686,17128,19286
ニカラグア,153,162,138,147,157,149,172,198,231,266
パナマ,399,430,432,404,431,435,500,417,390,556
セントルシア,17,26,25,35,22,26,43,46,37,49
セントビンセント,13,19,13,19,10,17,13,30,27,28
セントクリストファー・ネーヴィス,26,10,26,28,21,13,19,9,15,18
トリニダード・トバゴ,450,508,575,570,527,506,594,547,620,648
米国,606652,642933,688006,720142,749343,715036,755196,678935,785916,853845
グレナダ,18,5,14,24,38,51,53,45,47,42
アンティグア・バーブーダ,8,25,24,30,24,23,35,21,26,34
南アメリカ,120257,134560,105106,97478,135770,114007,103898,109088,109650,125973
アルゼンチン,5337,5484,5423,4502,6817,4880,4502,4807,4135,4575
ボリビア,1491,1796,1526,1364,1652,1758,1652,1639,1809,2688
ブラジル,94068,104323,77569,70794,101513,81800,71763,79692,79960,91268
チリ,2299,2607,2017,2235,2374,2134,2504,1998,2289,2541
コロンビア,3132,3202,2921,2941,3451,3660,4090,3331,3402,3673
エクアドル,470,433,451,409,525,618,2319,466,620,908
ガイアナ,65,54,38,45,63,59,75,73,67,57
パラグアイ,835,868,812,742,1035,883,1101,967,959,1146
ペルー,10549,13395,11959,12010,15852,15723,13246,14564,14575,16492
スリナム,22,45,41,39,50,44,53,67,102,54
ウルグアイ,768,761,774,804,750,720,879,472,384,474
ベネズエラ,1221,1592,1575,1593,1688,1728,1714,1012,1348,2097
オセアニア,94907,111036,124101,170015,184974,189336,204542,210906,236635,249945
オーストラリア,66697,79548,93196,137558,150046,152480,167868,175315,197940,210043
フィジー,783,789,764,762,734,730,906,884,778,1031
キリバス,77,100,83,80,113,86,81,122,99,114
マーシャル,86,110,76,89,96,88,79,89,102,188
ミクロネシア,282,311,253,246,270,342,319,295,321,422
ニュージーランド,25751,28597,28412,29759,32142,34091,33748,32636,35892,36280
ナウル,30,43,38,30,42,37,24,29,21,25
パプアニューギニア,384,466,402,401,431,386,435,427,384,521
パラオ,257,388,269,393,395,391,363,346,388,504
ソロモン,107,98,103,152,80,83,60,124,98,186
トンガ,231,318,285,327,338,308,360,365,305,292
ツバル,43,47,38,32,59,48,50,39,42,57
バヌアツ,38,68,51,53,70,59,59,63,65,78
サモア,141,153,131,133,158,207,190,172,200,204
無国籍,2555,4254,4895,2584,2043,1737,1727,1424,1111,1182
不詳・その他,0,0,0,0,0,0,0,0,0,0
